0,#EE#Major Pain,0,294
1,MannY/TJ`,298,289
2,;SS:Maffer,591,289
3,Bullseye)TM{,884,287
4,]FZe[=Leiruth,1175,290
5,Onaga/WC$,1469,291
6,#MM#Hammerhead,1764,289
7,Tormentor-HH-,2057,278
8,\HO<T-800,2339,287
9,{TT{doc,2630,285
10,#EE#Hurricane,2919,288
11,Joce@MM+,3211,285
12,[TK[Anton,3500,286
13,Chameleon(TS},3790,283
14,Gorre^TD^,4077,285
15,&TD&Mincer,4366,295
16,/CG/Mileena,4665,286
17,Teabag!THW!,4955,282
18,$TP]Pindleskin,5241,284
19,Kung Lao/EE!,5529,288
20,&TX&Chess,5821,290
21,(FSH(Malin,6115,283
22,#IL/Sarge,6402,281
23,The Boss(TS},6687,291
24,Tarnen`TK`,6982,289
25,_Tq_Mokap,7275,286
26,#BB\Fred,7565,284
27,Threash[GG^,7853,285
28,}NN&Ramrod,8142,287
29,[TK[Daemia,8433,291
30,(FSH(FXguy,8728,291
31,[DoS]Colt,9023,285
32,\HO<itiXOID,9312,292
33,Sorlag<TC<,9608,287
34,=BB$Vedro,9899,284
35,Leatherarm&TS&,10187,290
36,Himdar-DC",10481,291
37,Kano$KK$,10776,288
38,Dark Kahn\RB\,11068,295
39,[Mee2]/EE!,11367,290
40,.TB.Rocky,11661,281
41,Cruton(NN(,11946,293
42,Rain/WC$,12243,283
43,;SS:Heljay,12530,282
44,$TV$Terminator,12816,286
45,Trench-BB^,13106,286
46,[GB[Taven,13396,288
47,\NS\Patriot,13688,290
48,(FSH(Geras,13982,288
49,Jazz\PC\,14274,288
50,{TT{Snaps,14566,280
51,Gung Ho\RB\,14850,294
52,&S&Broz,15148,287
53,CowChop^TV^,15439,289
54,Uriel=LP=,15732,288
55,Ferra/Torr:TT$,16024,285
56,Cerberon[TD[,16313,287
57,Frost-DC",16604,283
58,$TA$Angel,16891,283
59,Ray Quick`SOT~,17178,292
60,Lucy^WJ^,17474,279
61,=TR`SGT CAPPA,17757,291
62,<SD\Jinx,18052,287
63,Missnrun/EE!,18343,284
64,$TP]Eyeback,18631,284
65,[DoS]Fangskin,18919,286
66,}NN&Radament,19209,281
67,Fexel$CC$,19494,286
68,[/]Wesley Snipes,19784,292
69,Edoli>LE(,20080,290
70,Major\PC\,20374,286
71,{TT{Jarno,20664,289
72,NiN[TD[,20957,283
73,[TK[Endugu,21244,285
74,Kaolin&SP),21533,286
75,#IL/Bloodwitch,21823,287
76,<PFS`Turkish,22114,280
77,^^ChoppY^^.VV;,22398,294
78,=BB$Si,22696,288
79,#MM#Conan,22988,286
80,\SF~Mr Suave,23278,289
81,#IL/Dac Farren,23571,287
82,[TRB]_Tank,23862,284
83,Sub-Zero$CC$,24150,293
84,ParaDox/EE!,24447,284
85,%DS\Smithy,24735,287
86,[RD[Gunner,25026,285
87,Kobra'I!,25315,283
88,#IL/Mavado,25602,288
89,Marku#TS(,25894,284
90,[Wang]Bad JuJu,26182,289
91,&S&Boy,26475,285
92,Merki/WC$,26764,287
93,Oysterhead<TC<,27055,292
94,%PP)Hecker,27351,290
95,Venz.VV;,27645,287
96,JCe^TV^,27936,289
97,^TM^Newbie,28229,287
98,Bob Ross*SA*,28520,296
99,Vera+HH+,28820,285
100,Michael"SC",29109,285
101,/CG/Ratbot,29398,285
102,Razor%SC%,29687,287
103,Hsu Hao`SOT~,29978,288
104,{TT{Skorgan,30270,279
105,_*PixxY*_'YY=,30553,289
106,Sundog>LE(,30846,286
107,Griswold.TC.,31136,293
108,[GB[Klesk,31433,285
109,Bones/WC$,31722,279
110,+SF+Sektor,32005,279
111,Kit Latura/EE!,32288,286
112,#BB\Anodized,32578,289
113,&TX&ApeM,32871,289
114,:GA:Tom Steele,33164,288
115,Motaro'I!,33456,286
116,Shujinko-BB^,33746,285
117,Coldcrow:TT$,34035,286
118,Di Nardo#TS(,34325,291
119,[/]Orbb,34620,284
120,{BH}-Ostmor,34908,280
121,+SF+Figgz,35192,284
122,_Tq_Applee,35480,284
123,%DS\Medic,35768,287
124,The Tulip)F*,36059,287
125,Tarnok@MM+,36350,289
126,}NN&Sareena,36643,286
127,<SD\Hossman,36933,288
128,/MG/Drahmin,37225,281
129,Sheeva%SC%,37510,288
130,Tremor!THW!,37802,283
131,John Luger^TD^,38089,293
132,Nihlathak`TK`,38386,289
133,#IL/exBEE,38679,287
134,>AA>Bitterman,38970,293
135,<SD\chipp_,39267,284
136,Halfbaked:BA:,39555,292
137,Gigavoltz>LE(,39851,291
138,John Rambo.TC.,40146,291
139,Kai#TS(,40441,290
140,Royen(AC`,40735,287
141,Meat!PR!,41026,288
142,(TBS)Sigil,41318,285
143,Way Of The+SET&,41607,292
144,\NS\Frank Dux,41903,284
145,$TV$Ivor,42191,283
146,#IL/Kor,42478,279
147,{BH}-Richard,42761,288
148,.TB.Thalath,43053,283
149,[EF=Mr Goodkat,43340,293
150,}TO}Havik,43637,287
151,$TA$Aimless,43928,287
152,Waxman"BB",44219,295
153,Nibbler(TS},44518,291
154,Cetrion/EE!,44813,289
155,]FZe[=Coldworm,45106,284
156,JD Gold*SA*,45394,290
157,Khameleon"SC",45688,294
158,Icarus#TS(,45986,292
159,Makron/EE!,46282,283
160,Nitara:BA:,46569,286
161,Liu Kang[DD%,46859,288
162,Blythe!PR!,47151,287
163,Corpsefire`MM`,47442,289
164,Sean`TK`,47735,288
165,!DD!Smoke,48027,282
166,(TBS)uzayTron,48313,296
167,#IL/GreZZer,48613,288
168,/CG/Slice,48905,289
169,Keel=LP=,49198,287
170,Muscleman'YY=,49489,289
171,+SF+Nohope,49782,284
172,Socks^TV^,50070,282
173,Edwig=AA-,50356,283
174,}NN&Ranger,50643,285
175,/CG/Icehawk,50932,293
176,Gordac:TT$,51229,286
177,Brad\PC\,51519,293
178,}NN&Yarbro,51816,283
179,]FZe[=Jarvis,52103,288
180,!DD!Fujin,52395,284
181,#IL/Faden,52683,288
182,[TRB]_Kippy,52975,288
183,Jarek\RB\,53267,290
184,Orin Boyd}LL},53561,293
185,;CC;Shao Kahn,53858,286
186,$TV$Rakanishu,54148,291
187,[DoS]Summoner,54443,288
188,PewDiePie-BB^,54735,289
189,$TA$Kronika,55028,289
190,Ismail}LL},55321,285
191,&S&McKenna,55610,287
192,&S&Dharmesh,55901,284
193,Lemmie-HH-,56189,283
194,Hitnrun-BB^,56476,289
195,[RD[Sarina,56769,287
196,#EE#Aegarond,57060,286
197,GuN,57350,281
198,Bean,57635,283
199,Tahlkora,57922,287
200,Joe Joiner,58213,291
201,Jax,58508,280
202,Sagel,58792,283
203,Brixos,59079,281
204,Nundak,59364,285
205,Willitz**,59653,287
206,Spocket,59944,285
207,wysyyy,60233,279
208,Cledus,60516,279
209,Vic,60799,280
210,Grunt,61083,279
211,T_bon,61366,282
212,Cobra,61652,285
213,Darrius,61941,283
214,Ryver,62228,284
215,Ryder,62516,285
216,Kira,62805,280
217,Daegon,63089,284
218,Slash,63377,282
219,Tanz,63663,279
220,Moloch,63946,281
221,Evo89,64231,283
222,Andromeed,64518,286
223,Reddog,64808,280
224,Bolund,65092,280
225,Mynx,65376,282
226,Saboy,65662,282
227,The Dean,65948,285
228,Kotal Kahn,66237,283
229,TheWay,66524,287
230,Little G,66815,284
231,Cyrax,67103,278
232,George,67385,275
233,Raiden,67664,283
234,Zarna,67951,283
235,Berserker,68238,285
236,Xaero,68527,278
237,Helmut,68809,284
238,BroFist,69097,286
239,Joe Santo,69387,282
240,Phobos,69673,281
241,Drillbit,69958,290
242,SteamPug,70252,277
243,Dominator,70533,286
244,2DCitizen,70823,285
245,Death,71112,284
246,Technician,71400,280
247,Monty,71684,281
248,Himself,71969,281
249,The Eraser,72254,285
250,Noogie,72543,278
251,Blackadder,72825,288
252,Kaa,73117,276
253,Tao,73397,277
254,Bremm,73678,278
255,Ellanil,73960,279
256,_Gholem_,74243,288
257,Skarlet,74535,283
258,Kung Jin,74822,284
259,Wyand,75110,279
260,Dutch,75393,283
261,Pyro Yetti,75680,284
262,[Corrus],75968,288
263,Strogg,76260,280
264,BVe,76544,293
265,Dairou,76841,278
266,Bad Sam,77123,283
267,Stryker,77410,283
268,Havo,77697,281
269,Shinnok,77982,283
270,Mindelos,78269,286
271,Quan Chi,78559,286
272,Dragoooon,78849,277
273,Stripe,79130,282
274,Hunter,79416,281
275,Kole,79701,281
276,Stud,79986,279
277,Strom,80269,277
278,Milius,80550,274
279,Icexo,80828,278
280,Cow King,81110,292
281,_*NiXXy*_,81406,288
282,Grimm,81698,279
283,Wrack,81981,281
284,Replicant,82266,284
285,Cadaver,82554,279
286,Halfwit,82837,283
287,Lawrence,83124,284
288,Doom,83412,281
289,Dr.Jay,83697,280
290,Boneash,83981,282
291,Hellhound,84267,282
292,kuri,84553,279
293,gogman,84836,283
294,Why Me?,85123,286
295,Wens,85413,273
296,Enforcer,85690,283
297,FUNKANIK,85977,291
298,Mongrel,86272,285
299,D'Vorah,86561,279
300,Hambone,86844,278
301,Cybr,87126,278
302,C-Lion,87408,286
303,Amadi,87698,283
304,NoAmmo,87985,285
305,Frenchy,88274,281
306,Biker,88559,283
307,Drago,88846,284
308,Ivan Drago,89134,283
309,Kalidor,89421,277
310,Treehead,89702,285
311,Bacon,89991,277
312,Mr.Badger,90272,284
313,Dolin,90560,281
314,Nick Gunar,90845,285
315,Razor,91134,281
316,Mungri,91419,283
317,Ruslan,91706,281
318,Reiko,91991,280
319,Warchild,92275,288
320,Scorpion,92567,283
321,Baraka,92854,279
322,Vizier,93137,286
323,Imentu,93427,280
324,Wreckage,93711,282
325,Bortack,93997,285
326,Sindel,94286,278
327,Vanoss,94568,284
328,Flamespike,94856,280
329,Crash,95140,292
330,Geleb,95436,276
331,Flint,95716,281
332,Kabal,96001,280
333,BigMack,96285,288
334,The German,96577,287
335,VeY,96868,281
336,Morgriff,97153,285
337,Brohn,97442,282
338,Ben Archer,97728,286
339,GhOstBl4de,98018,280
340,Church,98302,290
341,Carpenter,98596,281
342,Vokur,98881,285
343,Li Mei,99170,279
344,Kitana,99453,286
345,Spar,99743,283
346,Sean Kane,100030,288
347,Reptile,100322,279
348,Grog,100605,278
349,Chan,100887,276
350,Stinger,101167,279
351,Digz,101450,276
352,Bishibosh,101730,283
353,Garbok,102017,282
354,Kintaro,102303,281
355,Ermac,102588,286
356,Jack Saxon,102878,288
357,Belokk,103170,286
358,hozef-8,103460,283
359,Jade,103747,282
360,JJ McQuade,104033,288
361,Korv,104325,281
362,Morgan,104610,283
363,Ant__Dog,104897,287
364,Booker,105188,283
365,Tanya,105475,277
366,Hotaru,105756,283
367,Bonebreak,106043,285
368,tatu,106332,282
369,HAL-9000,106618,288
370,Fullmonty,106910,279
371,Po-Tay-Toe,107193,283
372,Nightwolf,107480,287
373,{itzChamp},107771,285
374,Gali,108060,280
375,SpecialEd,108344,278
376,Barbarian,108626,282
377,Tiano,108912,279
378,Lone Wolf,109195,286
379,Kollector,109485,280
380,Tank Jr,109769,280
381,Nandet,110053,290
382,Kenshi,110347,283
383,Visor,110634,281
384,Ashrah,110919,282
385,Amu,111205,279
386,VenoM,111488,282
387,Arklon,111774,285
388,Gladiator,112063,285
389,Tom Mix,112352,283
390,Siege,112639,281
391,Joe Tanto,112924,279
392,Argo,113207,277
393,_GLiCH,113488,289
394,Beelz,113781,280
395,Galul,114065,283
396,Riftwraith,114352,284
397,Walter,114640,282
398,Sam Decker,114926,287
399,Backfire,115217,285
400,Countess,115506,282
401,Thor,115792,277
402,Blaze,116073,280
403,The Only,116357,283
404,Anarki,116644,280
405,T-1000,116928,283
406,Stormtree,117215,285
407,Triborg,117504,283
408,Toorc,117791,282
409,deUSvauLT,118077,282
410,JC Denton,118363,287
411,Monk,118654,281
